#Solar model
#
#Data taken from the following work:
#	Saclay Solar Seismic model. For further information:
#	"Solar Neutrino Emission Deduced from a Seismic Model", Turck-Chieze et al., 
#	ApJ, 555:L69-L73, 2001 July 1
#Gravitational potential calculted from Poisson law
# Phi = -GM/R PhiBar with PhiBar the normalized potential shown here
#
#Radius [in solar radius]	Temperature [keV]	Normalized gravitational potential [no unit]
0	1.35633	5.00141
0.00726965	1.35474	5.00848
0.0102893	1.35314	5.00555
0.012612	1.35155	5.00266
0.0145751	1.34996	4.99978
0.0163088	1.34838	4.9969
0.0178801	1.34679	4.99402
0.0193285	1.3452	4.99114
0.02068	1.34362	4.98826
0.0219524	1.34203	4.98537
0.0231587	1.34045	4.98248
0.0243089	1.33887	4.9796
0.0254106	1.33729	4.9767
0.0264697	1.33571	4.97381
0.0274913	1.33414	4.97092
0.0284794	1.33256	4.96802
0.0294373	1.33099	4.96512
0.0303679	1.32942	4.96222
0.0312737	1.32785	4.95932
0.0321567	1.32628	4.95641
0.0330187	1.32471	4.95351
0.0338615	1.32314	4.9506
0.0346864	1.32158	4.94769
0.0354946	1.32002	4.94478
0.0362873	1.31846	4.94186
0.0370654	1.31689	4.93895
0.0378298	1.31534	4.93603
0.0385815	1.31378	4.93311
0.039321	1.31222	4.93018
0.0400491	1.31067	4.92726
0.0407664	1.30912	4.92433
0.0414735	1.30756	4.92141
0.0421709	1.30601	4.91847
0.0428589	1.30447	4.91554
0.0435382	1.30292	4.91261
0.0442091	1.30137	4.90968
0.044872	1.29983	4.90674
0.0455272	1.29829	4.9038
0.046175	1.29675	4.90086
0.0468158	1.29521	4.89792
0.0474499	1.29367	4.89497
0.0480775	1.29213	4.89202
0.0486988	1.2906	4.88908
0.0493142	1.28906	4.88613
0.0499238	1.28753	4.88317
0.0505278	1.286	4.88022
0.0511265	1.28447	4.87727
0.05172	1.28294	4.87431
0.0523085	1.28142	4.87135
0.0528922	1.27989	4.86839
0.0534713	1.27837	4.86543
0.0540458	1.27685	4.86247
0.0546159	1.27533	4.8595
0.0551818	1.27381	4.85654
0.0557437	1.27229	4.85357
0.0563015	1.27077	4.8506
0.0568555	1.26926	4.84763
0.0574057	1.26775	4.84466
0.0579523	1.26624	4.84168
0.0584954	1.26473	4.8387
0.0590351	1.26322	4.83573
0.0595714	1.26172	4.83275
0.0601044	1.26021	4.82977
0.0606343	1.25871	4.82678
0.0611611	1.25721	4.8238
0.061685	1.25571	4.82081
0.0622059	1.25421	4.81783
0.0627239	1.25272	4.81484
0.0632392	1.25122	4.81185
0.0637518	1.24973	4.80886
0.0642618	1.24824	4.80587
0.0647691	1.24674	4.80287
0.065274	1.24526	4.79988
0.0657764	1.24377	4.79688
0.0662764	1.24228	4.79388
0.0667741	1.2408	4.79088
0.0672695	1.23931	4.78788
0.0677627	1.23783	4.78488
0.0682536	1.23635	4.78187
0.0687425	1.23487	4.77887
0.0692292	1.23339	4.77586
0.0697139	1.23192	4.77285
0.0701966	1.23044	4.76984
0.0706774	1.22897	4.76683
0.0711562	1.2275	4.76382
0.0716332	1.22603	4.7608
0.0721083	1.22456	4.75779
0.0725816	1.22309	4.75477
0.0730532	1.22162	4.75175
0.073523	1.22016	4.74873
0.0739911	1.2187	4.74571
0.0744576	1.21723	4.74269
0.0749225	1.21577	4.73967
0.0753857	1.21431	4.73665
0.0758474	1.21286	4.73362
0.0763076	1.2114	4.73059
0.0767662	1.20994	4.72757
0.0772234	1.20849	4.72454
0.0776791	1.20704	4.72151
0.0781334	1.20559	4.71847
0.0785863	1.20414	4.71544
0.0790378	1.20269	4.71241
0.079488	1.20124	4.70937
0.0799368	1.1998	4.70634
0.0803844	1.19835	4.7033
0.0808307	1.19691	4.70026
0.0812757	1.19547	4.69722
0.0817195	1.19403	4.69418
0.0821621	1.19259	4.69114
0.0826034	1.19116	4.68809
0.0830437	1.18972	4.68505
0.0834828	1.18828	4.682
0.0839207	1.18685	4.67896
0.0843575	1.18542	4.67591
0.0847933	1.18399	4.67286
0.085228	1.18256	4.66981
0.0856616	1.18113	4.66676
0.0860942	1.17971	4.66371
0.0865257	1.17828	4.66065
0.0869563	1.17686	4.6576
0.0873858	1.17544	4.65454
0.0878144	1.17401	4.65149
0.0882421	1.17259	4.64843
0.0886688	1.17118	4.64537
0.0890945	1.16976	4.64231
0.0895194	1.16834	4.63925
0.0899434	1.16693	4.63619
0.0903664	1.16552	4.63313
0.0907886	1.16411	4.63006
0.09121	1.16269	4.627
0.0916305	1.16129	4.62393
0.0920502	1.15988	4.62087
0.092469	1.15847	4.6178
0.0928871	1.15707	4.61473
0.0933044	1.15566	4.61166
0.0937208	1.15426	4.60859
0.0941366	1.15286	4.60552
0.0945515	1.15146	4.60244
0.0949657	1.15006	4.59937
0.0953792	1.14866	4.5963
0.095792	1.14727	4.59322
0.096204	1.14587	4.59014
0.0966154	1.14448	4.58707
0.097026	1.14309	4.58399
0.097436	1.1417	4.58091
0.0978453	1.14031	4.57783
0.0982539	1.13892	4.57475
0.0986619	1.13753	4.57167
0.0990693	1.13615	4.56858
0.099476	1.13476	4.5655
0.0998821	1.13338	4.56242
0.100288	1.132	4.55933
0.100692	1.13062	4.55624
0.101097	1.12924	4.55316
0.1015	1.12786	4.55007
0.101903	1.12648	4.54698
0.102306	1.12511	4.54389
0.102708	1.12374	4.5408
0.103109	1.12236	4.53771
0.10351	1.12099	4.53462
0.103911	1.11962	4.53153
0.10431	1.11825	4.52843
0.10471	1.11688	4.52534
0.105108	1.11552	4.52224
0.105507	1.11415	4.51914
0.105904	1.11279	4.51605
0.106302	1.11143	4.51295
0.106699	1.11006	4.50985
0.107095	1.10871	4.50675
0.107491	1.10735	4.50365
0.107886	1.10599	4.50055
0.108281	1.10463	4.49745
0.108675	1.10328	4.49435
0.109069	1.10192	4.49124
0.109463	1.10057	4.48814
0.109856	1.09922	4.48503
0.110249	1.09787	4.48193
0.110641	1.09652	4.47882
0.111033	1.09517	4.47572
0.111424	1.09383	4.47261
0.111815	1.09248	4.4695
0.112206	1.09114	4.46639
0.112596	1.0898	4.46328
0.112986	1.08846	4.46017
0.113376	1.08712	4.45706
0.113765	1.08578	4.45395
0.114153	1.08444	4.45083
0.114542	1.0831	4.44772
0.11493	1.08177	4.44461
0.115318	1.08043	4.44149
0.115705	1.0791	4.43837
0.116092	1.07777	4.43526
0.116478	1.07644	4.43214
0.116865	1.07511	4.42902
0.117251	1.07378	4.4259
0.117636	1.07246	4.42279
0.118022	1.07113	4.41967
0.118407	1.06981	4.41654
0.118791	1.06849	4.41342
0.119176	1.06716	4.4103
0.11956	1.06584	4.40718
0.119944	1.06452	4.40406
0.120327	1.06321	4.40093
0.12071	1.06189	4.39781
0.121093	1.06058	4.39468
0.121476	1.05926	4.39156
0.121858	1.05795	4.38843
0.122241	1.05664	4.3853
0.122622	1.05533	4.38217
0.123004	1.05402	4.37905
0.123385	1.05271	4.37592
0.123767	1.0514	4.37279
0.124147	1.0501	4.36966
0.124528	1.04879	4.36653
0.124908	1.04749	4.36339
0.125288	1.04619	4.36026
0.125668	1.04489	4.35713
0.126048	1.04359	4.354
0.126427	1.04229	4.35086
0.126807	1.04099	4.34773
0.127186	1.0397	4.34459
0.127564	1.0384	4.34146
0.127943	1.03711	4.33832
0.128322	1.03582	4.33518
0.1287	1.03453	4.33204
0.129078	1.03324	4.32891
0.129455	1.03195	4.32577
0.129833	1.03066	4.32263
0.13021	1.02937	4.31949
0.130588	1.02809	4.31635
0.130965	1.02681	4.31321
0.131341	1.02552	4.31006
0.131718	1.02424	4.30692
0.132095	1.02296	4.30378
0.132471	1.02168	4.30063
0.132847	1.0204	4.29749
0.133223	1.01913	4.29435
0.133599	1.01785	4.2912
0.133975	1.01658	4.28805
0.13435	1.01531	4.28491
0.134726	1.01403	4.28176
0.135101	1.01276	4.27861
0.135476	1.01149	4.27547
0.135851	1.01022	4.27232
0.136226	1.00896	4.26917
0.136601	1.00769	4.26602
0.136975	1.00643	4.26287
0.13735	1.00516	4.25972
0.137724	1.0039	4.25657
0.138098	1.00264	4.25341
0.138472	1.00138	4.25026
0.138846	1.00012	4.24711
0.13922	0.998863	4.24395
0.139594	0.997607	4.2408
0.139968	0.996352	4.23764
0.140341	0.995097	4.23449
0.140715	0.993845	4.23133
0.141088	0.992593	4.22818
0.141461	0.991342	4.22502
0.141835	0.990093	4.22186
0.142208	0.988845	4.2187
0.14258	0.987597	4.21554
0.142954	0.986352	4.21239
0.143326	0.985107	4.20923
0.143699	0.983864	4.20607
0.144072	0.982622	4.20291
0.144444	0.98138	4.19974
0.144817	0.980141	4.19658
0.145189	0.978902	4.19342
0.145562	0.977665	4.19026
0.145934	0.976428	4.18709
0.146306	0.975193	4.18393
0.146678	0.973959	4.18076
0.147051	0.972726	4.1776
0.147423	0.971495	4.17443
0.147795	0.970265	4.17127
0.148167	0.969035	4.1681
0.148539	0.967807	4.16493
0.148911	0.96658	4.16176
0.149283	0.965355	4.1586
0.149654	0.964131	4.15543
0.150026	0.962908	4.15226
0.150398	0.961685	4.14909
0.15077	0.960466	4.14592
0.151142	0.959246	4.14275
0.151513	0.958028	4.13957
0.151885	0.95681	4.1364
0.152257	0.955595	4.13323
0.152628	0.95438	4.13006
0.153	0.953167	4.12688
0.153372	0.951955	4.12371
0.153743	0.950744	4.12053
0.154115	0.949534	4.11736
0.154486	0.948326	4.11418
0.154858	0.947119	4.11101
0.15523	0.945913	4.10783
0.155601	0.944709	4.10465
0.155973	0.943505	4.10147
0.156344	0.942303	4.0983
0.156716	0.941102	4.09511
0.157088	0.939903	4.09194
0.15746	0.938704	4.08875
0.157831	0.937507	4.08557
0.158203	0.936311	4.08239
0.158575	0.935116	4.07921
0.158946	0.933923	4.07603
0.159318	0.932731	4.07285
0.15969	0.93154	4.06966
0.160062	0.930351	4.06648
0.160434	0.929162	4.06329
0.160805	0.927975	4.06011
0.161177	0.92679	4.05692
0.161549	0.925605	4.05374
0.161921	0.924422	4.05055
0.162294	0.92324	4.04736
0.162666	0.922059	4.04417
0.163038	0.920879	4.04099
0.16341	0.919702	4.0378
0.163782	0.918524	4.03461
0.164155	0.917349	4.03141
0.164527	0.916174	4.02822
0.164899	0.915001	4.02503
0.165272	0.913829	4.02184
0.165645	0.912659	4.01865
0.166017	0.91149	4.01546
0.16639	0.910322	4.01226
0.166763	0.909154	4.00907
0.167135	0.907989	4.00587
0.167508	0.906824	4.00268
0.167881	0.905661	3.99948
0.168255	0.904499	3.99628
0.168628	0.903339	3.99309
0.169001	0.902179	3.98989
0.169374	0.901021	3.98669
0.169748	0.899864	3.98349
0.170121	0.898709	3.98029
0.170495	0.897553	3.97709
0.170869	0.896401	3.97389
0.171242	0.895248	3.97069
0.171616	0.894097	3.96749
0.17199	0.892948	3.96429
0.172364	0.8918	3.96108
0.172739	0.890653	3.95788
0.173113	0.889507	3.95467
0.173487	0.888362	3.95147
0.173862	0.887218	3.94827
0.174236	0.886076	3.94506
0.174611	0.884934	3.94185
0.174986	0.883795	3.93865
0.175361	0.882656	3.93544
0.175736	0.881518	3.93223
0.176112	0.880382	3.92902
0.176487	0.879247	3.92581
0.176863	0.878112	3.9226
0.177238	0.876979	3.91939
0.177614	0.875847	3.91618
0.17799	0.874717	3.91296
0.178366	0.873588	3.90975
0.178742	0.872459	3.90654
0.179119	0.871332	3.90332
0.179495	0.870206	3.90011
0.179872	0.869081	3.89689
0.180249	0.867958	3.89368
0.180626	0.866834	3.89046
0.181003	0.865713	3.88724
0.18138	0.864593	3.88402
0.181757	0.863474	3.88081
0.182135	0.862355	3.87759
0.182513	0.861239	3.87437
0.182891	0.860123	3.87115
0.183269	0.859008	3.86792
0.183647	0.857894	3.8647
0.184025	0.856782	3.86148
0.184404	0.85567	3.85826
0.184783	0.85456	3.85503
0.185162	0.85345	3.85181
0.185541	0.852342	3.84858
0.18592	0.851235	3.84536
0.1863	0.850129	3.84213
0.186679	0.849024	3.8389
0.187059	0.84792	3.83567
0.187439	0.846817	3.83245
0.18782	0.845715	3.82922
0.1882	0.844614	3.82599
0.188581	0.843514	3.82276
0.188961	0.842416	3.81952
0.189342	0.841318	3.81629
0.189724	0.840222	3.81306
0.190105	0.839126	3.80983
0.190487	0.838032	3.80659
0.190869	0.836938	3.80336
0.191251	0.835846	3.80012
0.191633	0.834754	3.79688
0.192016	0.833664	3.79365
0.192398	0.832575	3.79041
0.192781	0.831486	3.78717
0.193164	0.830399	3.78393
0.193548	0.829313	3.78069
0.193931	0.828227	3.77745
0.194315	0.827143	3.77421
0.194699	0.82606	3.77097
0.195084	0.824977	3.76772
0.195468	0.823896	3.76448
0.195853	0.822816	3.76124
0.196238	0.821736	3.75799
0.196623	0.820658	3.75475
0.197009	0.819581	3.7515
0.197395	0.818504	3.74825
0.19778	0.817429	3.745
0.198167	0.816355	3.74175
0.198553	0.815281	3.7385
0.19894	0.814209	3.73525
0.199327	0.813137	3.732
0.199714	0.812067	3.72875
0.200102	0.810997	3.7255
0.20049	0.809929	3.72224
0.200878	0.808861	3.71899
0.201266	0.807794	3.71574
0.201655	0.806728	3.71248
0.202044	0.805664	3.70922
0.202433	0.8046	3.70596
0.202822	0.803537	3.70271
0.203212	0.802475	3.69945
0.203602	0.801414	3.69619
0.203992	0.800354	3.69293
0.204383	0.799295	3.68966
0.204774	0.798236	3.6864
0.205165	0.797179	3.68314
0.205557	0.796123	3.67987
0.205948	0.795067	3.67661
0.206341	0.794013	3.67334
0.206733	0.792959	3.67008
0.207126	0.791906	3.66681
0.207519	0.790854	3.66354
0.207912	0.789804	3.66027
0.208306	0.788754	3.657
0.208699	0.787704	3.65373
0.209094	0.786656	3.65046
0.209488	0.785609	3.64719
0.209883	0.784563	3.64391
0.210278	0.783517	3.64064
0.210674	0.782472	3.63736
0.21107	0.781429	3.63409
0.211466	0.780386	3.63081
0.211862	0.779344	3.62753
0.212259	0.778303	3.62426
0.212656	0.777262	3.62098
0.213054	0.776223	3.6177
0.213452	0.775185	3.61442
0.21385	0.774147	3.61113
0.214249	0.77311	3.60785
0.214647	0.772074	3.60457
0.215047	0.771039	3.60128
0.215446	0.770005	3.598
0.215846	0.768972	3.59471
0.216247	0.767939	3.59142
0.216647	0.766908	3.58813
0.217049	0.765877	3.58484
0.21745	0.764847	3.58155
0.217852	0.763818	3.57826
0.218254	0.762789	3.57497
0.218657	0.761762	3.57167
0.219059	0.760735	3.56838
0.219463	0.75971	3.56509
0.219866	0.758685	3.56179
0.220271	0.757661	3.55849
0.220675	0.756637	3.55519
0.22108	0.755615	3.5519
0.221485	0.754593	3.5486
0.221891	0.753572	3.54529
0.222297	0.752552	3.54199
0.222703	0.751533	3.53869
0.22311	0.750515	3.53539
0.223517	0.749497	3.53208
0.223925	0.74848	3.52878
0.224333	0.747464	3.52547
0.224741	0.746449	3.52216
0.22515	0.745434	3.51885
0.22556	0.744421	3.51554
0.225969	0.743408	3.51223
0.226379	0.742396	3.50892
0.22679	0.741384	3.50561
0.227201	0.740374	3.50229
0.227612	0.739364	3.49898
0.228024	0.738355	3.49566
0.228437	0.737347	3.49235
0.228849	0.73634	3.48903
0.229263	0.735333	3.48571
0.229676	0.734327	3.48239
0.23009	0.733322	3.47907
0.230505	0.732317	3.47574
0.23092	0.731314	3.47242
0.231335	0.730311	3.4691
0.231751	0.729309	3.46577
0.232167	0.728307	3.46245
0.232584	0.727307	3.45912
0.233002	0.726307	3.45579
0.233419	0.725307	3.45246
0.233838	0.724309	3.44913
0.234256	0.723311	3.4458
0.234676	0.722314	3.44246
0.235095	0.721318	3.43913
0.235515	0.720322	3.4358
0.235936	0.719327	3.43246
0.236357	0.718333	3.42912
0.236779	0.71734	3.42578
0.237201	0.716347	3.42244
0.237623	0.715355	3.4191
0.238047	0.714364	3.41576
0.23847	0.713373	3.41242
0.238894	0.712383	3.40908
0.239319	0.711394	3.40573
0.239744	0.710405	3.40238
0.24017	0.709418	3.39904
0.240596	0.70843	3.39569
0.241023	0.707444	3.39234
0.24145	0.706458	3.38899
0.241878	0.705473	3.38564
0.242306	0.704489	3.38228
0.242735	0.703505	3.37893
0.243164	0.702522	3.37557
0.243594	0.701539	3.37222
0.244025	0.700557	3.36886
0.244456	0.699576	3.3655
0.244887	0.698596	3.36214
0.245319	0.697616	3.35878
0.245752	0.696637	3.35541
0.246185	0.695658	3.35205
0.246619	0.69468	3.34869
0.247053	0.693703	3.34532
0.247488	0.692726	3.34195
0.247924	0.69175	3.33858
0.24836	0.690775	3.33521
0.248797	0.6898	3.33184
0.249234	0.688826	3.32847
0.249671	0.687852	3.3251
0.25011	0.68688	3.32172
0.250549	0.685907	3.31834
0.250989	0.684936	3.31497
0.251429	0.683965	3.31159
0.251869	0.682994	3.30821
0.252311	0.682024	3.30483
0.252753	0.681055	3.30145
0.253195	0.680086	3.29806
0.253639	0.679118	3.29468
0.254082	0.678151	3.29129
0.254527	0.677184	3.2879
0.254972	0.676217	3.28452
0.255418	0.675251	3.28113
0.255864	0.674286	3.27773
0.256311	0.673322	3.27434
0.256759	0.672358	3.27095
0.257207	0.671394	3.26755
0.257656	0.670431	3.26416
0.258105	0.669469	3.26076
0.258556	0.668507	3.25736
0.259006	0.667545	3.25396
0.259458	0.666585	3.25056
0.25991	0.665624	3.24715
0.260363	0.664665	3.24375
0.260817	0.663706	3.24034
0.261271	0.662747	3.23694
0.261725	0.661789	3.23353
0.262181	0.660831	3.23012
0.262637	0.659874	3.22671
0.263094	0.658918	3.22329
0.263552	0.657962	3.21988
0.26401	0.657006	3.21647
0.264469	0.656051	3.21305
0.264929	0.655097	3.20963
0.265389	0.654143	3.20621
0.26585	0.65319	3.20279
0.266312	0.652237	3.19937
0.266775	0.651284	3.19595
0.267238	0.650332	3.19252
0.267702	0.649381	3.1891
0.268167	0.64843	3.18567
0.268632	0.647479	3.18224
0.269098	0.646529	3.17881
0.269565	0.64558	3.17538
0.270033	0.644631	3.17194
0.270501	0.643682	3.16851
0.270971	0.642734	3.16507
0.27144	0.641787	3.16164
0.271911	0.64084	3.1582
0.272383	0.639893	3.15476
0.272855	0.638947	3.15131
0.273328	0.638001	3.14787
0.273802	0.637056	3.14443
0.274276	0.636111	3.14098
0.274752	0.635166	3.13753
0.275228	0.634223	3.13408
0.275705	0.633279	3.13063
0.276182	0.632336	3.12718
0.276661	0.631393	3.12373
0.27714	0.630451	3.12027
0.27762	0.62951	3.11682
0.278101	0.628568	3.11336
0.278583	0.627627	3.1099
0.279066	0.626687	3.10644
0.279549	0.625747	3.10298
0.280033	0.624808	3.09951
0.280519	0.623868	3.09605
0.281004	0.62293	3.09258
0.281491	0.621991	3.08911
0.281979	0.621053	3.08564
0.282467	0.620116	3.08217
0.282957	0.619179	3.0787
0.283447	0.618242	3.07522
0.283938	0.617306	3.07175
0.28443	0.61637	3.06827
0.284923	0.615435	3.06479
0.285416	0.6145	3.06131
0.285911	0.613565	3.05783
0.286406	0.612631	3.05435
0.286903	0.611697	3.05086
0.2874	0.610764	3.04737
0.287898	0.609831	3.04388
0.288397	0.608898	3.04039
0.288897	0.607966	3.0369
0.289398	0.607034	3.03341
0.2899	0.606102	3.02991
0.290403	0.605171	3.02642
0.290907	0.60424	3.02292
0.291411	0.60331	3.01942
0.291917	0.60238	3.01592
0.292423	0.60145	3.01242
0.292931	0.600521	3.00891
0.293439	0.599592	3.00541
0.293949	0.598663	3.0019
0.294459	0.597735	2.99839
0.29497	0.596807	2.99488
0.295483	0.595879	2.99137
0.295996	0.594952	2.98785
0.29651	0.594025	2.98434
0.297025	0.593099	2.98082
0.297542	0.592172	2.9773
0.298059	0.591246	2.97378
0.298577	0.590321	2.97026
0.299096	0.589396	2.96673
0.299617	0.588471	2.96321
0.300138	0.587546	2.95968
0.30066	0.586622	2.95615
0.301184	0.585698	2.95262
0.301708	0.584775	2.94909
0.302234	0.583851	2.94556
0.30276	0.582929	2.94202
0.303288	0.582006	2.93848
0.303816	0.581084	2.93495
0.304346	0.580162	2.9314
0.304877	0.57924	2.92786
0.305409	0.578319	2.92432
0.305942	0.577397	2.92077
0.306476	0.576477	2.91723
0.307011	0.575556	2.91368
0.307547	0.574636	2.91013
0.308084	0.573716	2.90658
0.308623	0.572796	2.90302
0.309162	0.571877	2.89947
0.309703	0.570958	2.89591
0.310244	0.570039	2.89235
0.310787	0.569121	2.88879
0.311331	0.568202	2.88523
0.311876	0.567284	2.88166
0.312423	0.566367	2.8781
0.31297	0.565449	2.87453
0.313519	0.564532	2.87096
0.314068	0.563615	2.86739
0.314619	0.562698	2.86382
0.315171	0.561782	2.86024
0.315725	0.560866	2.85667
0.316279	0.55995	2.85309
0.316835	0.559034	2.84951
0.317392	0.558119	2.84593
0.31795	0.557204	2.84235
0.318509	0.556289	2.83876
0.31907	0.555374	2.83518
0.319631	0.55446	2.83159
0.320194	0.553546	2.828
0.320758	0.552632	2.82441
0.321324	0.551718	2.82082
0.321891	0.550804	2.81722
0.322458	0.549891	2.81363
0.323028	0.548978	2.81003
0.323598	0.548065	2.80643
0.32417	0.547153	2.80282
0.324743	0.54624	2.79922
0.325317	0.545328	2.79562
0.325892	0.544416	2.79201
0.326469	0.543504	2.7884
0.327047	0.542593	2.78479
0.327627	0.541681	2.78118
0.328207	0.54077	2.77757
0.32879	0.539859	2.77395
0.329373	0.538949	2.77034
0.329958	0.538038	2.76672
0.330544	0.537128	2.7631
0.331131	0.536218	2.75947
0.33172	0.535308	2.75585
0.33231	0.534398	2.75223
0.332902	0.533488	2.7486
0.333494	0.532579	2.74497
0.334089	0.531669	2.74134
0.334684	0.53076	2.73771
0.335281	0.529852	2.73407
0.33588	0.528943	2.73044
0.336479	0.528034	2.7268
0.337081	0.527126	2.72316
0.337683	0.526218	2.71952
0.338287	0.52531	2.71588
0.338893	0.524402	2.71223
0.3395	0.523494	2.70859
0.340108	0.522586	2.70494
0.340718	0.521679	2.70129
0.341329	0.520772	2.69764
0.341942	0.519865	2.69399
0.342556	0.518958	2.69033
0.343172	0.518051	2.68668
0.343789	0.517144	2.68302
0.344408	0.516238	2.67936
0.345028	0.515332	2.6757
0.345649	0.514425	2.67204
0.346273	0.513519	2.66837
0.346897	0.512614	2.66471
0.347524	0.511708	2.66104
0.348151	0.510802	2.65737
0.348781	0.509897	2.6537
0.349412	0.508991	2.65002
0.350044	0.508086	2.64635
0.350678	0.507181	2.64267
0.351314	0.506276	2.639
0.351951	0.505371	2.63532
0.35259	0.504466	2.63164
0.35323	0.503562	2.62795
0.353872	0.502657	2.62427
0.354515	0.501753	2.62058
0.355161	0.500849	2.61689
0.355807	0.499944	2.61321
0.356456	0.49904	2.60952
0.357106	0.498137	2.60582
0.357758	0.497233	2.60213
0.358411	0.496329	2.59843
0.359066	0.495426	2.59474
0.359723	0.494522	2.59104
0.360382	0.493619	2.58733
0.361042	0.492715	2.58363
0.361704	0.491812	2.57993
0.362367	0.490909	2.57622
0.363032	0.490006	2.57252
0.363699	0.489103	2.56881
0.364368	0.488201	2.5651
0.365038	0.487298	2.56139
0.365711	0.486395	2.55767
0.366385	0.485493	2.55396
0.36706	0.484591	2.55024
0.367738	0.483688	2.54652
0.368417	0.482786	2.5428
0.369098	0.481884	2.53908
0.369781	0.480982	2.53536
0.370466	0.48008	2.53163
0.371152	0.479178	2.52791
0.371841	0.478276	2.52418
0.372531	0.477375	2.52045
0.373223	0.476473	2.51672
0.373917	0.475572	2.51299
0.374612	0.47467	2.50926
0.37531	0.473769	2.50552
0.376009	0.472867	2.50178
0.376711	0.471966	2.49804
0.377414	0.471065	2.49431
0.378119	0.470164	2.49057
0.378826	0.469263	2.48682
0.379535	0.468362	2.48308
0.380246	0.467461	2.47933
0.380959	0.46656	2.47559
0.381673	0.465659	2.47184
0.38239	0.464759	2.46809
0.383109	0.463858	2.46434
0.383829	0.462958	2.46059
0.384552	0.462057	2.45683
0.385277	0.461157	2.45308
0.386003	0.460256	2.44932
0.386732	0.459356	2.44556
0.387463	0.458456	2.4418
0.388195	0.457555	2.43804
0.38893	0.456655	2.43428
0.389667	0.455755	2.43051
0.390406	0.454855	2.42675
0.391146	0.453955	2.42298
0.391889	0.453055	2.41921
0.392634	0.452155	2.41545
0.393381	0.451256	2.41168
0.394131	0.450356	2.4079
0.394882	0.449456	2.40413
0.395635	0.448556	2.40036
0.396391	0.447657	2.39658
0.397149	0.446757	2.39281
0.397909	0.445858	2.38903
0.398671	0.444958	2.38525
0.399435	0.444059	2.38147
0.400201	0.443159	2.37769
0.40097	0.44226	2.3739
0.401741	0.441361	2.37012
0.402514	0.440462	2.36633
0.403289	0.439562	2.36255
0.404066	0.438663	2.35876
0.404846	0.437764	2.35497
0.405628	0.436865	2.35118
0.406412	0.435966	2.34739
0.407199	0.435067	2.3436
0.407987	0.434168	2.33981
0.408778	0.433269	2.33601
0.409572	0.432371	2.33222
0.410367	0.431472	2.32842
0.411165	0.430573	2.32462
0.411966	0.429675	2.32082
0.412768	0.428776	2.31702
0.413573	0.427877	2.31322
0.414381	0.426979	2.30942
0.41519	0.42608	2.30562
0.416002	0.425182	2.30182
0.416817	0.424283	2.29801
0.417634	0.423385	2.2942
0.418453	0.422487	2.2904
0.419275	0.421589	2.28659
0.420099	0.42069	2.28278
0.420926	0.419792	2.27897
0.421755	0.418894	2.27516
0.422586	0.417996	2.27135
0.42342	0.417098	2.26754
0.424257	0.4162	2.26373
0.425096	0.415302	2.25991
0.425937	0.414404	2.2561
0.426781	0.413506	2.25229
0.427628	0.412609	2.24847
0.428477	0.411711	2.24465
0.429329	0.410813	2.24084
0.430183	0.409916	2.23702
0.43104	0.409018	2.2332
0.431899	0.40812	2.22938
0.432761	0.407223	2.22556
0.433625	0.406325	2.22174
0.434493	0.405428	2.21792
0.435362	0.404531	2.21409
0.436235	0.403633	2.21027
0.43711	0.402736	2.20645
0.437988	0.401839	2.20262
0.438868	0.400941	2.1988
0.439751	0.400044	2.19498
0.440637	0.399147	2.19115
0.441526	0.39825	2.18732
0.442417	0.397353	2.1835
0.443311	0.396456	2.17967
0.444207	0.395559	2.17584
0.445107	0.394662	2.17202
0.446009	0.393765	2.16819
0.446914	0.392869	2.16436
0.447822	0.391972	2.16053
0.448732	0.391075	2.1567
0.449645	0.390179	2.15287
0.450562	0.389282	2.14905
0.45148	0.388385	2.14521
0.452402	0.387489	2.14139
0.453327	0.386592	2.13755
0.454254	0.385696	2.13372
0.455185	0.3848	2.12989
0.456118	0.383903	2.12606
0.457054	0.383007	2.12223
0.457993	0.382111	2.1184
0.458935	0.381214	2.11457
0.45988	0.380318	2.11074
0.460827	0.379422	2.10691
0.461778	0.378526	2.10308
0.462732	0.37763	2.09924
0.463688	0.376734	2.09541
0.464648	0.375838	2.09158
0.465611	0.374942	2.08775
0.466576	0.374046	2.08392
0.467545	0.37315	2.08009
0.468516	0.372255	2.07626
0.469491	0.371359	2.07243
0.470469	0.370463	2.0686
0.47145	0.369567	2.06477
0.472433	0.368672	2.06094
0.47342	0.367776	2.05711
0.47441	0.36688	2.05328
0.475403	0.365985	2.04945
0.4764	0.365089	2.04562
0.477399	0.364194	2.04179
0.478401	0.363298	2.03797
0.479407	0.362403	2.03414
0.480416	0.361508	2.03031
0.481428	0.360612	2.02649
0.482443	0.359717	2.02266
0.483461	0.358821	2.01884
0.484482	0.357926	2.01501
0.485507	0.357031	2.01119
0.486535	0.356135	2.00736
0.487566	0.35524	2.00354
0.4886	0.354345	1.99972
0.489638	0.353449	1.9959
0.490679	0.352554	1.99208
0.491723	0.351659	1.98826
0.49277	0.350764	1.98444
0.493821	0.349868	1.98062
0.494875	0.348973	1.9768
0.495932	0.348078	1.97299
0.496993	0.347182	1.96917
0.498056	0.346287	1.96536
0.499123	0.345392	1.96155
0.500194	0.344496	1.95774
0.501268	0.343601	1.95392
0.502345	0.342705	1.95012
0.503426	0.34181	1.94631
0.50451	0.340914	1.9425
0.505597	0.340019	1.93869
0.506688	0.339123	1.93489
0.507782	0.338228	1.93109
0.50888	0.337332	1.92728
0.509981	0.336436	1.92348
0.511085	0.335541	1.91969
0.512193	0.334645	1.91589
0.513304	0.333749	1.91209
0.514419	0.332853	1.9083
0.515537	0.331957	1.9045
0.516659	0.331061	1.90071
0.517784	0.330164	1.89692
0.518913	0.329268	1.89313
0.520045	0.328372	1.88935
0.521181	0.327475	1.88556
0.52232	0.326578	1.88178
0.523463	0.325681	1.878
0.524609	0.324785	1.87422
0.525759	0.323887	1.87044
0.526913	0.32299	1.86667
0.52807	0.322093	1.86289
0.52923	0.321196	1.85912
0.530394	0.320298	1.85536
0.531562	0.3194	1.85159
0.532733	0.318502	1.84782
0.533908	0.317604	1.84406
0.535086	0.316706	1.8403
0.536268	0.315807	1.83654
0.537454	0.314908	1.83279
0.538643	0.314009	1.82903
0.539836	0.31311	1.82528
0.541032	0.31221	1.82154
0.542232	0.311311	1.81779
0.543435	0.310411	1.81405
0.544643	0.30951	1.81031
0.545854	0.30861	1.80657
0.547068	0.307709	1.80283
0.548286	0.306808	1.7991
0.549508	0.305907	1.79537
0.550733	0.305005	1.79165
0.551962	0.304103	1.78792
0.553195	0.3032	1.7842
0.554431	0.302297	1.78048
0.555671	0.301394	1.77677
0.556915	0.300491	1.77306
0.558162	0.299587	1.76935
0.559413	0.298682	1.76564
0.560668	0.297778	1.76194
0.561926	0.296872	1.75825
0.563188	0.295966	1.75455
0.564454	0.29506	1.75086
0.565723	0.294153	1.74717
0.566996	0.293246	1.74348
0.568272	0.292338	1.7398
0.569553	0.29143	1.73613
0.570837	0.290521	1.73245
0.572124	0.289612	1.72878
0.573415	0.288702	1.72512
0.57471	0.287791	1.72145
0.576009	0.286879	1.7178
0.577311	0.285967	1.71414
0.578617	0.285055	1.71049
0.579926	0.284141	1.70684
0.581239	0.283227	1.7032
0.582556	0.282312	1.69956
0.583876	0.281396	1.69593
0.585201	0.28048	1.6923
0.586528	0.279562	1.68867
0.587859	0.278644	1.68505
0.589194	0.277725	1.68144
0.590533	0.276805	1.67782
0.591875	0.275884	1.67422
0.593221	0.274962	1.67061
0.59457	0.274039	1.66701
0.595923	0.273115	1.66342
0.597279	0.27219	1.65983
0.598639	0.271263	1.65625
0.600003	0.270336	1.65267
0.60137	0.269408	1.64909
0.602741	0.268479	1.64552
0.604115	0.267548	1.64196
0.605493	0.266616	1.6384
0.606874	0.265683	1.63485
0.608259	0.264749	1.6313
0.609648	0.263814	1.62775
0.611039	0.262877	1.62421
0.612435	0.261939	1.62068
0.613834	0.261	1.61715
0.615236	0.260059	1.61363
0.616642	0.259117	1.61011
0.618051	0.258174	1.6066
0.619464	0.257229	1.6031
0.62088	0.256283	1.5996
0.622299	0.255335	1.59611
0.623722	0.254386	1.59262
0.625148	0.253435	1.58913
0.626578	0.252483	1.58566
0.62801	0.251529	1.58219
0.629447	0.250573	1.57872
0.630886	0.249616	1.57527
0.632329	0.248656	1.57182
0.633775	0.247695	1.56837
0.635224	0.246732	1.56493
0.636676	0.245767	1.5615
0.638132	0.2448	1.55807
0.639591	0.243831	1.55465
0.641053	0.24286	1.55124
0.642518	0.241887	1.54784
0.643986	0.240911	1.54444
0.645457	0.239933	1.54105
0.646931	0.238953	1.53766
0.648408	0.23797	1.53428
0.649888	0.236984	1.53091
0.651371	0.235996	1.52755
0.652857	0.235005	1.52419
0.654345	0.234011	1.52084
0.655837	0.233013	1.5175
0.657331	0.232013	1.51417
0.658828	0.231009	1.51084
0.660327	0.230002	1.50753
0.661829	0.228991	1.50422
0.663333	0.227977	1.50091
0.66484	0.226959	1.49762
0.66635	0.225938	1.49433
0.667861	0.224912	1.49106
0.669376	0.223881	1.48779
0.670892	0.222845	1.48453
0.67241	0.221803	1.48128
0.673929	0.220756	1.47804
0.675451	0.219702	1.47481
0.676974	0.218642	1.47159
0.678498	0.217575	1.46838
0.680023	0.2165	1.46518
0.68155	0.215418	1.46199
0.683078	0.214327	1.45881
0.684607	0.213228	1.45564
0.686136	0.21212	1.45249
0.687666	0.211002	1.44934
0.689197	0.209874	1.44621
0.690728	0.208736	1.44309
0.69226	0.207586	1.43998
0.693791	0.206425	1.43688
0.695323	0.205251	1.4338
0.696854	0.204064	1.43073
0.698385	0.202863	1.42767
0.699916	0.201646	1.42463
0.701446	0.200414	1.42159
0.702975	0.199164	1.41858
0.704502	0.197896	1.41558
0.706028	0.196608	1.41259
0.707553	0.195299	1.40962
0.709147	0.193904	1.40652
0.710029	0.193119	1.40481
0.712019	0.191314	1.40097
0.713628	0.189835	1.39789
0.71514	0.188451	1.395
0.716648	0.187074	1.39212
0.718154	0.185706	1.38927
0.719657	0.184346	1.38643
0.721157	0.182994	1.3836
0.722653	0.18165	1.3808
0.724147	0.180314	1.37801
0.725637	0.178985	1.37524
0.727124	0.177665	1.37248
0.728608	0.176352	1.36974
0.730088	0.175048	1.36702
0.731565	0.173751	1.36431
0.733039	0.172461	1.36162
0.734509	0.17118	1.35894
0.735976	0.169906	1.35629
0.737439	0.16864	1.35364
0.738898	0.167382	1.35102
0.740354	0.166131	1.34841
0.741807	0.164888	1.34582
0.743255	0.163653	1.34324
0.7447	0.162425	1.34068
0.746142	0.161205	1.33813
0.747579	0.159992	1.3356
0.749012	0.158787	1.33309
0.750442	0.157589	1.33059
0.751868	0.156399	1.32811
0.75329	0.155216	1.32564
0.754708	0.15404	1.32319
0.756122	0.152872	1.32075
0.757532	0.151712	1.31833
0.758938	0.150558	1.31592
0.760339	0.149412	1.31353
0.761737	0.148273	1.31116
0.76313	0.147142	1.3088
0.764519	0.146017	1.30645
0.765904	0.1449	1.30413
0.767285	0.14379	1.30181
0.768661	0.142687	1.29951
0.770033	0.141592	1.29723
0.7714	0.140503	1.29496
0.772764	0.139422	1.2927
0.774122	0.138347	1.29046
0.775477	0.13728	1.28824
0.776826	0.136219	1.28603
0.778172	0.135166	1.28383
0.779512	0.134119	1.28165
0.780848	0.133079	1.27949
0.78218	0.132047	1.27733
0.783507	0.131021	1.2752
0.784829	0.130002	1.27307
0.786146	0.128989	1.27096
0.787459	0.127984	1.26887
0.788767	0.126985	1.26679
0.79007	0.125993	1.26472
0.791368	0.125007	1.26267
0.792662	0.124029	1.26063
0.793951	0.123057	1.2586
0.795234	0.122091	1.25659
0.796513	0.121132	1.25459
0.797787	0.12018	1.25261
0.799056	0.119234	1.25064
0.80032	0.118295	1.24869
0.801579	0.117362	1.24674
0.802833	0.116435	1.24481
0.804082	0.115515	1.2429
0.805326	0.114601	1.241
0.806565	0.113694	1.23911
0.807798	0.112793	1.23723
0.809027	0.111898	1.23537
0.810251	0.11101	1.23352
0.811469	0.110128	1.23168
0.812682	0.109251	1.22986
0.81389	0.108381	1.22805
0.815093	0.107518	1.22625
0.81629	0.10666	1.22446
0.817482	0.105808	1.22269
0.818669	0.104963	1.22093
0.819851	0.104123	1.21919
0.821027	0.10329	1.21745
0.822199	0.102462	1.21573
0.823364	0.10164	1.21402
0.824525	0.100825	1.21233
0.82568	0.100015	1.21064
0.82683	0.0992105	1.20897
0.827974	0.0984122	1.20731
0.829113	0.0976197	1.20566
0.830247	0.0968329	1.20403
0.831375	0.0960518	1.2024
0.832498	0.0952765	1.20079
0.833615	0.0945067	1.19919
0.834727	0.0937427	1.1976
0.835834	0.0929841	1.19603
0.836935	0.0922312	1.19446
0.838031	0.0914839	1.19291
0.839121	0.090742	1.19137
0.840206	0.0900056	1.18984
0.841286	0.0892747	1.18832
0.84236	0.0885491	1.18681
0.843428	0.0878291	1.18532
0.844491	0.0871143	1.18383
0.845549	0.0864049	1.18236
0.846601	0.0857008	1.1809
0.847648	0.085002	1.17945
0.848689	0.0843084	1.17801
0.849724	0.08362	1.17658
0.850755	0.0829369	1.17516
0.85178	0.0822589	1.17376
0.852799	0.081586	1.17236
0.853813	0.0809182	1.17097
0.854821	0.0802555	1.1696
0.855824	0.0795979	1.16823
0.856821	0.0789453	1.16688
0.857813	0.0782976	1.16553
0.8588	0.0776549	1.1642
0.859781	0.0770171	1.16288
0.860756	0.0763842	1.16157
0.861726	0.0757562	1.16026
0.862691	0.075133	1.15897
0.86365	0.0745147	1.15769
0.864604	0.0739011	1.15642
0.865553	0.0732922	1.15515
0.866496	0.0726881	1.1539
0.867433	0.0720887	1.15266
0.868365	0.0714939	1.15142
0.869292	0.0709038	1.1502
0.870213	0.0703182	1.14899
0.871129	0.0697373	1.14778
0.87204	0.0691609	1.14659
0.872945	0.068589	1.1454
0.873845	0.0680216	1.14423
0.87474	0.0674586	1.14306
0.875629	0.0669001	1.1419
0.876513	0.066346	1.14076
0.877392	0.0657963	1.13962
0.878265	0.0652509	1.13849
0.879133	0.0647098	1.13737
0.879996	0.064173	1.13625
0.880853	0.0636405	1.13515
0.881705	0.0631122	1.13406
0.882552	0.0625881	1.13297
0.883394	0.0620682	1.13189
0.884231	0.0615524	1.13083
0.885062	0.0610408	1.12977
0.885888	0.0605332	1.12872
0.886709	0.0600297	1.12767
0.887525	0.0595303	1.12664
0.888336	0.0590349	1.12561
0.889142	0.0585434	1.1246
0.889942	0.0580559	1.12359
0.890738	0.0575724	1.12258
0.891528	0.0570927	1.12159
0.892313	0.0566169	1.12061
0.893094	0.056145	1.11963
0.893869	0.0556769	1.11866
0.894639	0.0552125	1.1177
0.895405	0.054752	1.11675
0.896165	0.0542951	1.1158
0.89692	0.053842	1.11486
0.897671	0.0533926	1.11393
0.898416	0.0529468	1.11301
0.899157	0.0525046	1.11209
0.899893	0.0520661	1.11119
0.900624	0.0516311	1.11029
0.90135	0.0511997	1.10939
0.902071	0.0507717	1.10851
0.902787	0.0503473	1.10763
0.903499	0.0499264	1.10676
0.904205	0.0495088	1.1059
0.904908	0.0490947	1.10504
0.905605	0.048684	1.10419
0.906298	0.0482767	1.10335
0.906986	0.0478727	1.10251
0.907669	0.047472	1.10168
0.908347	0.0470746	1.10086
0.909022	0.0466805	1.10004
0.909691	0.0462896	1.09924
0.910356	0.045902	1.09843
0.911016	0.0455176	1.09764
0.911672	0.0451363	1.09685
0.912323	0.0447582	1.09607
0.912969	0.0443833	1.09529
0.913612	0.0440114	1.09452
0.914249	0.0436427	1.09376
0.914883	0.043277	1.09301
0.915512	0.0429144	1.09225
0.916136	0.0425548	1.09151
0.916756	0.0421981	1.09077
0.917372	0.0418445	1.09004
0.917983	0.0414939	1.08932
0.91859	0.0411461	1.0886
0.919193	0.0408013	1.08788
0.919792	0.0404594	1.08718
0.920386	0.0401204	1.08648
0.920976	0.0397842	1.08578
0.921562	0.0394508	1.08509
0.922144	0.0391202	1.08441
0.922721	0.0387924	1.08373
0.923295	0.0384674	1.08306
0.923864	0.038145	1.08239
0.924429	0.0378254	1.08173
0.92499	0.0375084	1.08107
0.925547	0.0371942	1.08042
0.9261	0.0368825	1.07978
0.92665	0.0365734	1.07914
0.927195	0.036267	1.07851
0.927736	0.0359631	1.07788
0.928273	0.0356618	1.07725
0.928806	0.035363	1.07664
0.929336	0.0350667	1.07602
0.929861	0.0347729	1.07541
0.930383	0.0344816	1.07481
0.930901	0.0341928	1.07421
0.931415	0.0339063	1.07362
0.931925	0.0336223	1.07303
0.932432	0.0333407	1.07245
0.932934	0.0330615	1.07187
0.933433	0.0327846	1.0713
0.933929	0.03251	1.07073
0.93442	0.0322377	1.07017
0.934909	0.0319678	1.06961
0.935393	0.0317001	1.06906
0.935874	0.0314347	1.06851
0.936351	0.0311716	1.06797
0.936824	0.0309107	1.06743
0.937295	0.030652	1.06689
0.937761	0.0303955	1.06636
0.938224	0.0301412	1.06583
0.938684	0.0298891	1.06531
0.93914	0.0296391	1.06479
0.939593	0.0293913	1.06428
0.940042	0.0291456	1.06377
0.940488	0.028902	1.06327
0.940931	0.0286605	1.06277
0.94137	0.0284211	1.06228
0.941806	0.0281837	1.06178
0.942238	0.0279484	1.0613
0.942667	0.0277151	1.06081
0.943094	0.0274838	1.06033
0.943516	0.0272545	1.05986
0.943936	0.0270272	1.05939
0.944353	0.0268018	1.05892
0.944766	0.0265784	1.05846
0.945176	0.0263569	1.058
0.945583	0.0261373	1.05754
0.945987	0.0259196	1.05709
0.946387	0.0257038	1.05665
0.946785	0.0254898	1.0562
0.94718	0.0252777	1.05576
0.947571	0.0250674	1.05533
0.94796	0.0248589	1.05489
0.948346	0.0246522	1.05446
0.948728	0.0244472	1.05404
0.949108	0.024244	1.05362
0.949485	0.0240426	1.0532
0.949859	0.0238429	1.05278
0.95023	0.0236449	1.05237
0.950598	0.0234487	1.05197
0.950963	0.0232541	1.05156
0.951325	0.0230612	1.05116
0.951685	0.02287	1.05076
0.952042	0.0226804	1.05037
0.952396	0.0224925	1.04998
0.952747	0.0223062	1.04959
0.953096	0.0221215	1.04921
0.953442	0.0219384	1.04883
0.953785	0.0217569	1.04845
0.954125	0.0215771	1.04808
0.954463	0.0213987	1.04771
0.954798	0.021222	1.04734
0.955131	0.0210468	1.04697
0.955461	0.0208732	1.04661
0.955788	0.0207011	1.04625
0.956113	0.0205305	1.0459
0.956435	0.0203614	1.04555
0.956755	0.0201938	1.0452
0.957072	0.0200277	1.04485
0.957387	0.0198631	1.04451
0.9577	0.0196999	1.04417
0.958009	0.0195382	1.04383
0.958317	0.0193778	1.04349
0.958622	0.0192189	1.04316
0.958925	0.0190614	1.04283
0.959225	0.0189053	1.04251
0.959523	0.0187506	1.04218
0.959818	0.0185972	1.04186
0.960112	0.0184452	1.04154
0.960403	0.0182945	1.04123
0.960691	0.0181452	1.04092
0.960978	0.0179971	1.04061
0.961262	0.0178504	1.0403
0.961544	0.017705	1.03999
0.961823	0.0175609	1.03969
0.962101	0.017418	1.03939
0.962376	0.0172765	1.03909
0.962649	0.0171362	1.0388
0.96292	0.0169971	1.03851
0.963189	0.0168593	1.03822
0.963456	0.0167228	1.03793
0.96372	0.0165874	1.03764
0.963983	0.0164533	1.03736
0.964243	0.0163205	1.03708
0.964502	0.0161888	1.0368
0.964758	0.0160583	1.03653
0.965012	0.0159291	1.03625
0.965265	0.015801	1.03598
0.965515	0.0156741	1.03572
0.965763	0.0155484	1.03545
0.96601	0.0154238	1.03519
0.966254	0.0153004	1.03492
0.966497	0.0151781	1.03466
0.966737	0.015057	1.03441
0.966976	0.014937	1.03415
0.967213	0.0148181	1.0339
0.967448	0.0147003	1.03365
0.967681	0.0145836	1.0334
0.967912	0.014468	1.03315
0.968141	0.0143535	1.03291
0.968369	0.0142401	1.03266
0.968595	0.0141277	1.03242
0.968819	0.0140163	1.03218
0.969041	0.013906	1.03195
0.969262	0.0137967	1.03171
0.969481	0.0136884	1.03148
0.969698	0.0135811	1.03125
0.969913	0.0134748	1.03102
0.970127	0.0133695	1.03079
0.970339	0.0132652	1.03057
0.97055	0.0131618	1.03034
0.970758	0.0130594	1.03012
0.970966	0.012958	1.0299
0.971171	0.0128575	1.02968
0.971375	0.0127579	1.02947
0.971578	0.0126592	1.02925
0.971778	0.0125614	1.02904
0.971978	0.0124646	1.02883
0.972175	0.0123687	1.02862
0.972372	0.0122736	1.02841
0.972566	0.0121795	1.02821
0.972759	0.0120862	1.028
0.972951	0.0119938	1.0278
0.973141	0.0119022	1.0276
0.97333	0.0118115	1.0274
0.973517	0.0117217	1.0272
0.973703	0.0116327	1.02701
0.973887	0.0115445	1.02681
0.97407	0.0114572	1.02662
0.974251	0.0113706	1.02643
0.974431	0.0112849	1.02624
0.97461	0.0111999	1.02605
0.974787	0.0111158	1.02587
0.974963	0.0110324	1.02568
0.975137	0.0109498	1.0255
0.975311	0.0108679	1.02531
0.975483	0.0107868	1.02513
0.975653	0.0107064	1.02495
0.975823	0.0106267	1.02478
0.97599	0.0105478	1.0246
0.976157	0.0104695	1.02442
0.976323	0.0103919	1.02425
0.976487	0.0103151	1.02408
0.97665	0.0102388	1.02391
0.976811	0.0101633	1.02374
0.976972	0.0100884	1.02357
0.977131	0.0100141	1.0234
0.977289	0.00994045	1.02324
0.977446	0.00986741	1.02307
0.977602	0.00979499	1.02291
0.977756	0.00972316	1.02275
0.977909	0.00965191	1.02259
0.978062	0.00958124	1.02243
0.978213	0.00951115	1.02227
0.978363	0.00944161	1.02212
0.978511	0.00937263	1.02196
0.978659	0.00930419	1.02181
0.978805	0.0092363	1.02165
0.978951	0.00916894	1.0215
0.979095	0.0091021	1.02135
0.979238	0.00903578	1.0212
0.97938	0.00896997	1.02105
0.979521	0.00890466	1.02091
0.979661	0.00883984	1.02076
0.9798	0.00877552	1.02062
0.979938	0.00871166	1.02047
0.980075	0.00864828	1.02033
0.980211	0.00858537	1.02019
0.980345	0.00852291	1.02005
0.980479	0.00846089	1.01991
0.980612	0.00839932	1.01977
0.980743	0.00833817	1.01964
0.980874	0.00827745	1.0195
0.981004	0.00821715	1.01936
0.981132	0.00815725	1.01923
0.98126	0.00809776	1.0191
0.981387	0.00803867	1.01897
0.981513	0.00797998	1.01883
0.981638	0.00792167	1.01871
0.981761	0.00786375	1.01858
0.981885	0.00780621	1.01845
0.982007	0.00774905	1.01832
0.982128	0.00769227	1.0182
0.982248	0.00763586	1.01807
0.982367	0.00757982	1.01795
0.982485	0.00752415	1.01783
0.982603	0.00746885	1.01771
0.982719	0.00741391	1.01758
0.982835	0.00735933	1.01747
0.982949	0.00730512	1.01735
0.983063	0.00725126	1.01723
0.983176	0.00719776	1.01711
0.983288	0.00714461	1.017
0.983399	0.00709181	1.01688
0.98351	0.00703937	1.01677
0.983619	0.00698728	1.01665
0.983728	0.00693553	1.01654
0.983836	0.00688414	1.01643
0.983943	0.00683309	1.01632
0.984049	0.00678239	1.01621
0.984154	0.00673205	1.0161
0.984259	0.00668204	1.01599
0.984362	0.00663239	1.01589
0.984465	0.00658309	1.01578
0.984567	0.00653414	1.01568
0.984668	0.00648555	1.01557
0.984769	0.0064373	1.01547
0.984869	0.00638941	1.01536
0.984967	0.00634187	1.01526
0.985066	0.00629469	1.01516
0.985163	0.00624787	1.01506
0.98526	0.0062014	1.01496
0.985355	0.0061553	1.01486
0.98545	0.00610955	1.01476
0.985545	0.00606416	1.01467
0.985638	0.00601913	1.01457
0.985731	0.00597447	1.01448
0.985823	0.00593016	1.01438
0.985915	0.00588622	1.01429
0.986005	0.00584264	1.01419
0.986095	0.00579942	1.0141
0.986184	0.00575657	1.01401
0.986273	0.00571409	1.01392
0.986361	0.00567197	1.01383
0.986448	0.00563022	1.01374
0.986534	0.00558883	1.01365
0.98662	0.00554782	1.01356
0.986705	0.00550717	1.01347
0.98679	0.00546688	1.01339
0.986873	0.00542696	1.0133
0.986957	0.00538741	1.01322
0.987039	0.00534823	1.01313
0.987121	0.00530941	1.01305
0.987202	0.00527096	1.01296
0.987282	0.00523287	1.01288
0.987362	0.00519514	1.0128
0.987442	0.00515778	1.01272
0.98752	0.00512078	1.01264
0.987598	0.00508413	1.01256
0.987676	0.00504784	1.01248
0.987753	0.00501191	1.0124
0.987829	0.00497634	1.01232
0.987905	0.00494113	1.01224
0.98798	0.00490626	1.01217
0.988054	0.00487176	1.01209
0.988128	0.0048376	1.01202
0.988201	0.00480379	1.01194
0.988274	0.00477033	1.01187
0.988347	0.00473721	1.01179
0.988418	0.00470444	1.01172
0.988489	0.004672	1.01164
0.98856	0.00463991	1.01157
0.98863	0.00460815	1.0115
0.988699	0.00457673	1.01143
0.988769	0.00454563	1.01136
0.988837	0.00451487	1.01129
0.988905	0.00448443	1.01122
0.988973	0.00445431	1.01115
0.989039	0.00442452	1.01108
0.989106	0.00439504	1.01101
0.989172	0.00436587	1.01095
0.989237	0.00433702	1.01088
0.989302	0.00430848	1.01081
0.989367	0.00428025	1.01075
0.989431	0.00425232	1.01068
0.989495	0.00422469	1.01062
0.989558	0.00419736	1.01055
0.98962	0.00417033	1.01049
0.989683	0.00414359	1.01042
0.989744	0.00411714	1.01036
0.989806	0.00409097	1.0103
0.989866	0.00406509	1.01024
0.989927	0.00403949	1.01018
0.989987	0.00401416	1.01011
0.990047	0.00398911	1.01005
0.990106	0.00396433	1.00999
0.990164	0.00393981	1.00993
0.990223	0.00391556	1.00987
0.990281	0.00389157	1.00981
0.990338	0.00386783	1.00976
0.990395	0.00384435	1.0097
0.990452	0.00382112	1.00964
0.990508	0.00379814	1.00958
0.990564	0.0037754	1.00953
0.99062	0.0037529	1.00947
0.990675	0.00373063	1.00941
0.99073	0.0037086	1.00936
0.990784	0.0036868	1.0093
0.990838	0.00366523	1.00925
0.990892	0.00364388	1.00919
0.990945	0.00362275	1.00914
0.990998	0.00360183	1.00908
0.991051	0.00358113	1.00903
0.991103	0.00356064	1.00898
0.991155	0.00354035	1.00892
0.991206	0.00352027	1.00887
0.991258	0.0035004	1.00882
0.991309	0.00348072	1.00877
0.991359	0.00346124	1.00872
0.991409	0.00344195	1.00866
0.991459	0.00342285	1.00861
0.991509	0.00340395	1.00856
0.991558	0.00338523	1.00851
0.991607	0.00336669	1.00846
0.991655	0.00334834	1.00842
0.991704	0.00333017	1.00837
0.991752	0.00331218	1.00832
0.991799	0.00329436	1.00827
0.991847	0.00327672	1.00822
0.991894	0.00325925	1.00817
0.991941	0.00324194	1.00812
0.991987	0.0032248	1.00808
0.992033	0.00320783	1.00803
0.992079	0.00319101	1.00798
0.992125	0.00317435	1.00794
0.99217	0.00315785	1.00789
0.992215	0.0031415	1.00785
0.99226	0.0031253	1.0078
0.992304	0.00310925	1.00775
0.992349	0.00309334	1.00771
0.992393	0.00307757	1.00767
0.992436	0.00306195	1.00762
0.99248	0.00304646	1.00758
0.992523	0.00303112	1.00753
0.992566	0.0030159	1.00749
0.992608	0.00300082	1.00745
0.992651	0.00298587	1.0074
0.992693	0.00297104	1.00736
0.992735	0.00295635	1.00732
0.992776	0.00294178	1.00728
0.992818	0.00292733	1.00723
0.992859	0.002913	1.00719
0.9929	0.0028988	1.00715
0.99294	0.00288471	1.00711
0.992981	0.00287074	1.00707
0.993021	0.00285689	1.00703
0.993061	0.00284315	1.00699
0.993101	0.00282953	1.00695
0.99314	0.00281602	1.00691
0.993179	0.00280262	1.00687
0.993218	0.00278933	1.00683
0.993257	0.00277615	1.00679
0.993295	0.00276308	1.00675
0.993334	0.00275012	1.00671
0.993372	0.00273726	1.00667
0.99341	0.00272451	1.00663
0.993448	0.00271186	1.0066
0.993485	0.00269932	1.00656
0.993522	0.00268687	1.00652
0.993559	0.00267453	1.00648
0.993596	0.00266229	1.00645
0.993633	0.00265015	1.00641
0.993669	0.00263811	1.00637
0.993705	0.00262616	1.00633
0.993741	0.00261431	1.0063
0.993777	0.00260255	1.00626
0.993813	0.00259089	1.00623
0.993848	0.00257932	1.00619
0.993883	0.00256784	1.00615
0.993918	0.00255646	1.00612
0.993953	0.00254516	1.00608
0.993988	0.00253396	1.00605
0.994022	0.00252284	1.00601
0.994057	0.00251182	1.00598
0.994091	0.00250088	1.00594
0.994125	0.00249003	1.00591
0.994158	0.00247926	1.00588
0.994192	0.00246857	1.00584
0.994225	0.00245797	1.00581
0.994258	0.00244746	1.00578
0.994291	0.00243702	1.00574
0.994324	0.00242667	1.00571
0.994357	0.00241639	1.00568
0.994389	0.0024062	1.00564
0.994421	0.00239608	1.00561
0.994454	0.00238604	1.00558
0.994486	0.00237608	1.00554
0.994517	0.0023662	1.00551
0.994549	0.00235639	1.00548
0.99458	0.00234666	1.00545
0.994612	0.002337	1.00542
0.994643	0.00232742	1.00539
0.994674	0.00231791	1.00535
0.994704	0.00230848	1.00532
0.994735	0.00229911	1.00529
0.994765	0.00228982	1.00526
0.994796	0.0022806	1.00523
0.994826	0.00227144	1.0052
0.994856	0.00226236	1.00517
0.994886	0.00225334	1.00514
0.994915	0.00224439	1.00511
0.994945	0.00223551	1.00508
0.994974	0.0022267	1.00505
0.995004	0.00221795	1.00502
0.995033	0.00220926	1.00499
0.995062	0.00220064	1.00496
0.995091	0.00219209	1.00493
0.995119	0.0021836	1.0049
0.995148	0.00217517	1.00488
0.995176	0.00216681	1.00485
0.995204	0.0021585	1.00482
0.995232	0.00215026	1.00479
0.99526	0.00214207	1.00476
0.995288	0.00213395	1.00473
0.995316	0.00212588	1.00471
0.995343	0.00211787	1.00468
0.995371	0.00210992	1.00465
0.995398	0.00210202	1.00462
0.995425	0.00209419	1.0046
0.995452	0.0020864	1.00457
0.995479	0.00207868	1.00454
0.995506	0.00207101	1.00451
0.995533	0.00206339	1.00449
0.995559	0.00205582	1.00446
0.995585	0.00204831	1.00443
0.995612	0.00204085	1.00441
0.995638	0.00203344	1.00438
0.995664	0.00202609	1.00436
0.99569	0.00201878	1.00433
0.995715	0.00201153	1.0043
0.995741	0.00200432	1.00428
0.995766	0.00199716	1.00425
0.995792	0.00199005	1.00423
0.995817	0.00198299	1.0042
0.995842	0.00197598	1.00418
0.995867	0.00196901	1.00415
0.995892	0.00196209	1.00412
0.995917	0.00195521	1.0041
0.995942	0.00194838	1.00408
0.995966	0.0019416	1.00405
0.995991	0.00193485	1.00403
0.996015	0.00192816	1.004
0.996039	0.0019215	1.00398
0.996063	0.00191489	1.00395
0.996087	0.00190832	1.00393
0.996111	0.00190179	1.0039
0.996135	0.00189531	1.00388
0.996158	0.00188886	1.00386
0.996182	0.00188246	1.00383
0.996205	0.0018761	1.00381
0.996229	0.00186977	1.00378
0.996252	0.00186349	1.00376
0.996275	0.00185724	1.00374
0.996298	0.00185104	1.00372
0.996321	0.00184487	1.00369
0.996344	0.00183873	1.00367
0.996367	0.00183264	1.00365
0.996389	0.00182658	1.00362
0.996412	0.00182056	1.0036
0.996434	0.00181457	1.00358
0.996456	0.00180862	1.00356
0.996479	0.00180271	1.00353
0.996501	0.00179682	1.00351
0.996523	0.00179098	1.00349
0.996545	0.00178517	1.00347
0.996567	0.00177939	1.00344
0.996588	0.00177364	1.00342
0.99661	0.00176793	1.0034
0.996632	0.00176225	1.00338
0.996653	0.0017566	1.00336
0.996674	0.00175099	1.00334
0.996696	0.00174541	1.00331
0.996717	0.00173985	1.00329
0.996738	0.00173433	1.00327
0.996759	0.00172884	1.00325
0.99678	0.00172338	1.00323
0.9968	0.00171795	1.00321
0.996821	0.00171255	1.00319
0.996842	0.00170718	1.00317
0.996862	0.00170184	1.00315
0.996883	0.00169653	1.00313
0.996903	0.00169125	1.00311
0.996923	0.00168599	1.00309
0.996943	0.00168076	1.00307
0.996964	0.00167556	1.00305
0.996984	0.00167039	1.00303
0.997004	0.00166524	1.00301
0.997023	0.00166012	1.00299
0.997043	0.00165503	1.00297
0.997063	0.00164997	1.00295
0.997082	0.00164493	1.00293
0.997102	0.00163991	1.00291
0.997121	0.00163492	1.00289
0.997141	0.00162996	1.00287
0.99716	0.00162502	1.00285
0.997179	0.00162011	1.00283
0.997198	0.00161522	1.00281
0.997217	0.00161036	1.00279
0.997236	0.00160552	1.00277
0.997255	0.0016007	1.00275
0.997274	0.00159591	1.00273
0.997292	0.00159114	1.00272
0.997311	0.00158639	1.0027
0.997329	0.00158166	1.00268
0.997348	0.00157696	1.00266
0.997366	0.00157228	1.00264
0.997385	0.00156762	1.00262
0.997403	0.00156299	1.0026
0.997421	0.00155838	1.00259
0.997439	0.00155378	1.00257
0.997457	0.00154921	1.00255
0.997475	0.00154466	1.00253
0.997493	0.00154013	1.00251
0.997511	0.00153562	1.0025
0.997528	0.00153113	1.00248
0.997546	0.00152667	1.00246
0.997564	0.00152222	1.00244
0.997581	0.00151779	1.00242
0.997598	0.00151338	1.00241
0.997616	0.00150899	1.00239
0.997633	0.00150462	1.00237
0.99765	0.00150026	1.00236
0.997667	0.00149593	1.00234
0.997684	0.00149162	1.00232
0.997701	0.00148732	1.0023
0.997718	0.00148304	1.00229
0.997735	0.00147878	1.00227
0.997752	0.00147454	1.00225
0.997769	0.00147031	1.00224
0.997785	0.00146611	1.00222
0.997802	0.00146192	1.0022
0.997818	0.00145774	1.00219
0.997835	0.00145358	1.00217
0.997851	0.00144944	1.00215
0.997867	0.00144532	1.00214
0.997884	0.00144121	1.00212
0.9979	0.00143712	1.00211
0.997916	0.00143304	1.00209
0.997932	0.00142898	1.00207
0.997948	0.00142494	1.00206
0.997964	0.00142091	1.00204
0.99798	0.0014169	1.00202
0.997996	0.0014129	1.00201
0.998011	0.00140891	1.00199
0.998027	0.00140494	1.00198
0.998042	0.00140099	1.00196
0.998058	0.00139704	1.00195
0.998073	0.00139312	1.00193
0.998089	0.0013892	1.00191
0.998104	0.0013853	1.0019
0.998119	0.00138142	1.00188
0.998135	0.00137754	1.00187
0.99815	0.00137368	1.00185
0.998165	0.00136984	1.00184
0.99818	0.001366	1.00182
0.998195	0.00136218	1.00181
0.99821	0.00135837	1.00179
0.998224	0.00135458	1.00178
0.998239	0.00135079	1.00176
0.998254	0.00134702	1.00175
0.998269	0.00134326	1.00173
0.998283	0.00133951	1.00172
0.998298	0.00133577	1.00171
0.998312	0.00133204	1.00169
0.998327	0.00132833	1.00168
0.998341	0.00132463	1.00166
0.998355	0.00132093	1.00165
0.99837	0.00131725	1.00163
0.998384	0.00131358	1.00162
0.998398	0.00130992	1.00161
0.998412	0.00130626	1.00159
0.998426	0.00130262	1.00158
0.99844	0.00129899	1.00156
0.998454	0.00129537	1.00155
0.998468	0.00129176	1.00154
0.998482	0.00128815	1.00152
0.998495	0.00128456	1.00151
0.998509	0.00128097	1.00149
0.998522	0.00127739	1.00148
0.998536	0.00127383	1.00147
0.99855	0.00127026	1.00145
0.998563	0.00126671	1.00144
0.998576	0.00126317	1.00143
0.99859	0.00125963	1.00141
0.998603	0.0012561	1.0014
0.998616	0.00125258	1.00139
0.998629	0.00124907	1.00137
0.998642	0.00124556	1.00136
0.998656	0.00124207	1.00135
0.998669	0.00123857	1.00133
0.998681	0.00123509	1.00132
0.998694	0.00123161	1.00131
0.998707	0.00122813	1.00129
0.99872	0.00122466	1.00128
0.998733	0.0012212	1.00127
0.998745	0.00121774	1.00126
0.998758	0.00121429	1.00124
0.998771	0.00121085	1.00123
0.998783	0.00120741	1.00122
0.998796	0.00120397	1.00121
0.998808	0.00120054	1.00119
0.99882	0.00119711	1.00118
0.998833	0.00119369	1.00117
0.998845	0.00119027	1.00116
0.998857	0.00118685	1.00114
0.998869	0.00118344	1.00113
0.998881	0.00118003	1.00112
0.998893	0.00117662	1.00111
0.998906	0.00117322	1.0011
0.998917	0.00116982	1.00108
0.998929	0.00116642	1.00107
0.998941	0.00116302	1.00106
0.998953	0.00115962	1.00105
0.998965	0.00115623	1.00104
0.998976	0.00115284	1.00103
0.998988	0.00114944	1.00101
0.999	0.00114605	1.001
0.999011	0.00114266	1.00099
0.999023	0.00113927	1.00098
0.999034	0.00113588	1.00097
0.999045	0.00113249	1.00096
0.999057	0.0011291	1.00094
0.999068	0.00112571	1.00093
0.999079	0.00112231	1.00092
0.99909	0.00111891	1.00091
0.999101	0.00111552	1.0009
0.999113	0.00111211	1.00089
0.999124	0.00110871	1.00088
0.999135	0.0011053	1.00087
0.999146	0.00110189	1.00086
0.999156	0.00109848	1.00084
0.999167	0.00109506	1.00083
0.999178	0.00109164	1.00082
0.999189	0.00108821	1.00081
0.999199	0.00108477	1.0008
0.99921	0.00108134	1.00079
0.99922	0.00107789	1.00078
0.999231	0.00107444	1.00077
0.999241	0.00107098	1.00076
0.999252	0.00106751	1.00075
0.999262	0.00106404	1.00074
0.999273	0.00106056	1.00073
0.999283	0.00105706	1.00072
0.999293	0.00105356	1.00071
0.999303	0.00105005	1.0007
0.999313	0.00104652	1.00069
0.999323	0.00104299	1.00068
0.999333	0.00103944	1.00067
0.999343	0.00103588	1.00066
0.999353	0.0010323	1.00065
0.999363	0.00102872	1.00064
0.999373	0.00102512	1.00063
0.999383	0.0010215	1.00062
0.999392	0.00101787	1.00061
0.999402	0.00101422	1.0006
0.999412	0.00101055	1.00059
0.999421	0.00100686	1.00058
0.999431	0.00100316	1.00057
0.99944	0.000999433	1.00056
0.999449	0.000995684	1.00055
0.999459	0.000991914	1.00054
0.999468	0.00098812	1.00053
0.999477	0.000984302	1.00052
0.999487	0.000980457	1.00051
0.999496	0.000976586	1.0005
0.999505	0.000972687	1.00049
0.999514	0.000968759	1.00049
0.999523	0.000964802	1.00048
0.999532	0.000960812	1.00047
0.999541	0.00095679	1.00046
0.999549	0.000952733	1.00045
0.999558	0.00094864	1.00044
0.999567	0.000944509	1.00043
0.999576	0.000940337	1.00042
0.999584	0.000936123	1.00042
0.999593	0.000931866	1.00041
0.999601	0.000927561	1.0004
0.99961	0.000923209	1.00039
0.999618	0.000918804	1.00038
0.999626	0.000914347	1.00037
0.999635	0.000909834	1.00036
0.999643	0.000905261	1.00036
0.999651	0.000900628	1.00035
0.999659	0.00089593	1.00034
0.999667	0.000891165	1.00033
0.999675	0.000886328	1.00032
0.999683	0.000881416	1.00032
0.999691	0.000876427	1.00031
0.999699	0.000871355	1.0003
0.999707	0.000866196	1.00029
0.999715	0.000860944	1.00029
0.999722	0.000855595	1.00028
0.99973	0.000850142	1.00027
0.999737	0.000844579	1.00026
0.999745	0.0008389	1.00025
0.999752	0.000833098	1.00025
0.99976	0.000827165	1.00024
0.999767	0.000821094	1.00023
0.999774	0.000814875	1.00023
0.999781	0.0008085	1.00022
0.999788	0.000801957	1.00021
0.999795	0.000795237	1.00021
0.999802	0.000788328	1.0002
0.999809	0.000781216	1.00019
0.999816	0.000773889	1.00018
0.999823	0.000766332	1.00018
0.999829	0.000758528	1.00017
0.999836	0.000750461	1.00016
0.999842	0.000742112	1.00016
0.999849	0.000733463	1.00015
0.999855	0.000724494	1.00015
0.999861	0.000715186	1.00014
0.999867	0.000705521	1.00013
0.999873	0.000695483	1.00013
0.999879	0.000685061	1.00012
0.999885	0.000674256	1.00012
0.999891	0.000663081	1.00011
0.999897	0.000651573	1.0001
0.999902	0.000639799	1.0001
0.999908	0.000627873	1.00009
0.999913	0.000615965	1.00009
0.999918	0.000604301	1.00008
0.999923	0.000593144	1.00008
0.999924	0.000591628	1.00008
0.999925	0.000590109	1.00008
0.999926	0.000588588	1.00007
0.999926	0.000587065	1.00007
0.999927	0.000585541	1.00007
0.999928	0.000584016	1.00007
0.999929	0.000582492	1.00007
0.999929	0.000580969	1.00007
0.99993	0.000579448	1.00007
0.999931	0.000577929	1.00007
0.999932	0.000576414	1.00007
0.999933	0.000574902	1.00007
0.999933	0.000573396	1.00007
0.999934	0.000571894	1.00007
0.999935	0.000570398	1.00006
0.999936	0.000568909	1.00006
0.999937	0.000567426	1.00006
0.999938	0.000565951	1.00006
0.999938	0.000564483	1.00006
0.999939	0.000563023	1.00006
0.99994	0.000561572	1.00006
0.999941	0.000560129	1.00006
0.999942	0.000558695	1.00006
0.999943	0.00055727	1.00006
0.999944	0.000555854	1.00006
0.999945	0.000554448	1.00005
0.999946	0.000553051	1.00005
0.999946	0.000551664	1.00005
0.999947	0.000550286	1.00005
0.999949	0.000548918	1.00005
0.999949	0.00054756	1.00005
0.99995	0.000546211	1.00005
0.999951	0.000544872	1.00005
0.999952	0.000543543	1.00005
0.999953	0.000542224	1.00005
0.999954	0.000540914	1.00005
0.999955	0.000539614	1.00005
0.999957	0.000538324	1.00004
0.999958	0.000537044	1.00004
0.999959	0.000535773	1.00004
0.99996	0.000534513	1.00004
0.999961	0.000533261	1.00004
0.999962	0.00053202	1.00004
0.999963	0.000530788	1.00004
0.999964	0.000529565	1.00004
0.999965	0.000528352	1.00004
0.999966	0.000527148	1.00003
0.999968	0.000525954	1.00003
0.999969	0.000524769	1.00003
0.99997	0.000523593	1.00003
0.999971	0.000522427	1.00003
0.999972	0.00052127	1.00003
0.999973	0.000520122	1.00003
0.999974	0.000518983	1.00003
0.999976	0.000517854	1.00002
0.999977	0.000516733	1.00002
0.999978	0.000515621	1.00002
0.999979	0.000514519	1.00002
0.999981	0.000513425	1.00002
0.999982	0.000512341	1.00002
0.999983	0.000511265	1.00002
0.999984	0.000510198	1.00002
0.999986	0.00050914	1.00001
0.999987	0.000508091	1.00001
0.999988	0.00050705	1.00001
0.999989	0.000506018	1.00001
0.999991	0.000504994	1.00001
0.999992	0.000503979	1.00001
0.999993	0.000502972	1.00001
0.999995	0.000501974	1.00001
0.999996	0.000500984	1
0.999997	0.000500002	1
0.999999	0.000499028	1
1	0.000498063	1
1.00003	0.000478055	0.999968
1.00006	0.00046181	0.999935
1.0001	0.00044878	0.999902
1.00013	0.000438393	0.99987
1.00016	0.000430271	0.999838
1.00019	0.000423994	0.999805
1.00023	0.000419091	0.999773
1.00026	0.000415322	0.999741
1.00029	0.000412506	0.99971
1.00032	0.000410389	0.999678
1.00035	0.000408754	0.999647
1.00039	0.000407497	0.999615
1.00042	0.000406548	0.999584
1.00045	0.000405844	0.999553
1.00048	0.000405328	0.999522
1.00051	0.000404955	0.99949
1.00054	0.000404686	0.999459
1.00057	0.000404495	0.999427
1.00061	0.000404359	0.999394
1.00064	0.000404262	0.999361
1.00067	0.000404194	0.999328
1.00071	0.000404145	0.999291
1.00075	0.000404111	0.999253
1.00079	0.000404087	0.99921
1.00084	0.00040407	0.999159
